>> x=10

x =

    10

>> y=x+10;
>> y

y =

    20

>> 
